$ANSIBLE_VAULT;1.1;AES256
36356531396265376137646237663639636533353737383662306433363939306235626233626563
6431613330393364313039336462656337383136396338380a376564363839613238663863396663
61396431653239653838616535346536333639643335313031663334653461393036363631363564
6565373036623634300a393230346237343433336631326131366131386563366535383835316238
66376137353030656238643162313535383661656435313537316363313932386162396634356361
62393637336539613431616463316366353962393337653431356535323364626131333433623864
63313862396130633238613131653933393565303532333762396533346230643532646561643565
34643933653361363731303733373831383365653837333231386432396233383534333334613137
39346561616130363436313365303833346337663430646635373262333865316432333366356332
61356664366261333731383532333137653232326337633366633334313430613362643132373163
63396666303462336266336530386439613934396165633738386533636262326331653238666633
32663335386661306361616633363135393939363861623734303437353431363534383230363739
61383635306436343839343738646465633536656634636565303833383637633230353633623765
63383965326561393932646538376130646262613734653263653938353966303638633233383631
36623536643139376632613831373663343934663636323364346366633336386339316662323130
38396632336162373931366664316331383062356437343536636563336163633262396261346531
65333131313166643433393463343532623363323666656536306438613166326631313930383534
37643933306364623862646436663734383735663961363464393864616461613135323465313364
63313737383338363165636432333634656435356439343664663664663436363639393833656339
32386465633262326532363365353434383435663430656237383639333331313966396638626663
62363134643464323536653863373562373230313136643635633730396562633836386463386137
64653332333838663834393037633365373536663061303162616466663065636135383433373361
37646437393434336239373764636539356332343734643962383934336130623162666431326639
66383130353133343732383464313664393965336632393432393331336330303930353730336466
66613631363934623439376566303064333030323065653338386365626436656464636637366465
36643433383162306264323537343763343735366138386265323562626263303639613738643332
66393461323834623833656135313664303634643230346236663335643534366538326336396332
37663632336666653334626364616233643166326135336130353031303464343666663032336534
62306165613566343162366138303962373862643437343061326430313036623832363262626132
34323264383830346363633630313637616434663337366333373931323866623065373366346533
31663565353233623431306665323631393134323530396136663130653264363433613137313939
38343032393766353861323132623631393137646530343434626337373730646533646334656166
35323435313230656436333733313136306462643338383866656431356464613431373464313934
65316262613962623237636666633932336435386461343862633662663739343331353234373862
37613337383666343234626132383139386138313561636532386430646333313037393266616238
39323038356631303335383565633738333235356465623035666337663235393537303063646166
30333934386463313663366162303533613837666234633130336633376265376135396565393864
33343038653532313539336330393837326364363739393637626363666132653931346262646261
62643061353563653263353833633135313936376237333539643633303234373633653833393032
33323636316463396539343739623131643136623839653966313634633738313236613637656336
36663130353238613762326534313534326562393464363136313261653134666631343462393838
6634386637343936613564376565643732633131646635316666
